-3.141000	 0.002963	 
-3.147135	 -0.027653	 
-3.153270	 -0.058123	 
-3.159404	 -0.088419	 
-3.165539	 -0.118513	 
-3.171674	 -0.148376	 
-3.177809	 -0.177981	 
-3.183943	 -0.207301	 
-3.190078	 -0.236309	 
-3.196213	 -0.264978	 
-3.202348	 -0.293282	 
-3.208482	 -0.321196	 
-3.214617	 -0.348695	 
-3.220752	 -0.375754	 
-3.226887	 -0.402349	 
-3.233021	 -0.428456	 
-3.239156	 -0.454053	 
-3.245291	 -0.479116	 
-3.251426	 -0.503625	 
-3.257561	 -0.527558	 
-3.263695	 -0.550894	 
-3.269830	 -0.573614	 
-3.275965	 -0.595698	 
-3.282100	 -0.617128	 
-3.288234	 -0.637886	 
-3.294369	 -0.657954	 
-3.300504	 -0.677318	 
-3.306639	 -0.695960	 
-3.312773	 -0.713866	 
-3.318908	 -0.731022	 
-3.325043	 -0.747414	 
-3.331178	 -0.763030	 
-3.337313	 -0.777859	 
-3.343447	 -0.791889	 
-3.349582	 -0.805110	 
-3.355717	 -0.817513	 
-3.361852	 -0.829090	 
-3.367986	 -0.839832	 
-3.374121	 -0.849733	 
-3.380256	 -0.858787	 
-3.386391	 -0.866989	 
-3.392525	 -0.874335	 
-3.398660	 -0.880821	 
-3.404795	 -0.886444	 
-3.410930	 -0.891204	 
-3.417064	 -0.895098	 
-3.423199	 -0.898127	 
-3.429334	 -0.900292	 
-3.435469	 -0.901594	 
-3.441604	 -0.902035	 
-3.447738	 -0.901620	 
-3.453873	 -0.900351	 
-3.460008	 -0.898234	 
-3.466143	 -0.895275	 
-3.472277	 -0.891479	 
-3.478412	 -0.886855	 
-3.484547	 -0.881410	 
-3.490682	 -0.875153	 
-3.496816	 -0.868093	 
-3.502951	 -0.860242	 
-3.509086	 -0.851608	 
-3.515221	 -0.842206	 
-3.521355	 -0.832045	 
-3.527490	 -0.821141	 
-3.533625	 -0.809506	 
-3.539760	 -0.797155	 
-3.545895	 -0.784103	 
-3.552029	 -0.770366	 
-3.558164	 -0.755959	 
-3.564299	 -0.740900	 
-3.570434	 -0.725205	 
-3.576568	 -0.708894	 
-3.582703	 -0.691983	 
-3.588838	 -0.674492	 
-3.594973	 -0.656441	 
-3.601107	 -0.637849	 
-3.607242	 -0.618736	 
-3.613377	 -0.599124	 
-3.619512	 -0.579033	 
-3.625646	 -0.558485	 
-3.631781	 -0.537501	 
-3.637916	 -0.516104	 
-3.644051	 -0.494316	 
-3.650186	 -0.472160	 
-3.656320	 -0.449658	 
-3.662455	 -0.426835	 
-3.668590	 -0.403712	 
-3.674725	 -0.380315	 
-3.680859	 -0.356667	 
-3.686994	 -0.332791	 
-3.693129	 -0.308711	 
-3.699264	 -0.284452	 
-3.705398	 -0.260038	 
-3.711533	 -0.235493	 
-3.717668	 -0.210841	 
-3.723803	 -0.186107	 
-3.729938	 -0.161314	 
-3.736072	 -0.136487	 
-3.742207	 -0.111649	 
-3.748342	 -0.086825	 
-3.754477	 -0.062039	 
-3.760611	 -0.037313	 
-3.766746	 -0.012672	 
-3.772881	 0.011861	 
-3.779016	 0.036263	 
-3.785150	 0.060511	 
-3.791285	 0.084583	 
-3.797420	 0.108456	 
-3.803555	 0.132109	 
-3.809689	 0.155519	 
-3.815824	 0.178666	 
-3.821959	 0.201527	 
-3.828094	 0.224083	 
-3.834229	 0.246314	 
-3.840363	 0.268199	 
-3.846498	 0.289720	 
-3.852633	 0.310857	 
-3.858768	 0.331591	 
-3.864902	 0.351906	 
-3.871037	 0.371783	 
-3.877172	 0.391205	 
-3.883307	 0.410157	 
-3.889441	 0.428621	 
-3.895576	 0.446583	 
-3.901711	 0.464028	 
-3.907846	 0.480942	 
-3.913980	 0.497311	 
-3.920115	 0.513121	 
-3.926250	 0.528362	 
-3.932385	 0.543021	 
-3.938520	 0.557086	 
-3.944654	 0.570547	 
-3.950789	 0.583395	 
-3.956924	 0.595620	 
-3.963059	 0.607213	 
-3.969193	 0.618167	 
-3.975328	 0.628474	 
-3.981463	 0.638128	 
-3.987598	 0.647123	 
-3.993732	 0.655453	 
-3.999867	 0.663115	 
-4.006002	 0.670103	 
-4.012137	 0.676416	 
-4.018271	 0.682050	 
-4.024406	 0.687004	 
-4.030541	 0.691276	 
-4.036676	 0.694866	 
-4.042811	 0.697774	 
-4.048945	 0.700001	 
-4.055080	 0.701549	 
-4.061215	 0.702420	 
-4.067350	 0.702615	 
-4.073484	 0.702140	 
-4.079619	 0.700998	 
-4.085754	 0.699194	 
-4.091889	 0.696733	 
-4.098023	 0.693621	 
-4.104158	 0.689865	 
-4.110293	 0.685472	 
-4.116428	 0.680450	 
-4.122563	 0.674806	 
-4.128697	 0.668551	 
-4.134832	 0.661694	 
-4.140967	 0.654244	 
-4.147102	 0.646212	 
-4.153236	 0.637609	 
-4.159371	 0.628447	 
-4.165506	 0.618738	 
-4.171641	 0.608494	 
-4.177775	 0.597728	 
-4.183910	 0.586454	 
-4.190045	 0.574686	 
-4.196180	 0.562438	 
-4.202314	 0.549724	 
-4.208449	 0.536560	 
-4.214584	 0.522960	 
-4.220719	 0.508942	 
-4.226854	 0.494520	 
-4.232988	 0.479712	 
-4.239123	 0.464533	 
-4.245258	 0.449001	 
-4.251393	 0.433133	 
-4.257527	 0.416947	 
-4.263662	 0.400460	 
-4.269797	 0.383689	 
-4.275932	 0.366654	 
-4.282066	 0.349372	 
-4.288201	 0.331861	 
-4.294336	 0.314140	 
-4.300471	 0.296228	 
-4.306605	 0.278142	 
-4.312740	 0.259903	 
-4.318875	 0.241528	 
-4.325010	 0.223036	 
-4.331145	 0.204446	 
-4.337279	 0.185777	 
-4.343414	 0.167048	 
-4.349549	 0.148276	 
-4.355684	 0.129482	 
-4.361818	 0.110683	 
-4.367953	 0.091897	 
-4.374088	 0.073143	 
-4.380223	 0.054440	 
-4.386357	 0.035805	 
-4.392492	 0.017255	 
-4.398627	 -0.001191	 
-4.404762	 -0.019516	 
-4.410896	 -0.037703	 
-4.417031	 -0.055735	 
-4.423166	 -0.073595	 
-4.429301	 -0.091267	 
-4.435436	 -0.108735	 
-4.441570	 -0.125983	 
-4.447705	 -0.142995	 
-4.453840	 -0.159757	 
-4.459975	 -0.176253	 
-4.466109	 -0.192469	 
-4.472244	 -0.208391	 
-4.478379	 -0.224006	 
-4.484514	 -0.239299	 
-4.490648	 -0.254258	 
-4.496783	 -0.268871	 
-4.502918	 -0.283126	 
-4.509053	 -0.297010	 
-4.515188	 -0.310513	 
-4.521322	 -0.323624	 
-4.527457	 -0.336333	 
-4.533592	 -0.348629	 
-4.539727	 -0.360505	 
-4.545861	 -0.371950	 
-4.551996	 -0.382956	 
-4.558131	 -0.393516	 
-4.564266	 -0.403622	 
-4.570400	 -0.413268	 
-4.576535	 -0.422447	 
-4.582670	 -0.431153	 
-4.588805	 -0.439381	 
-4.594939	 -0.447127	 
-4.601074	 -0.454385	 
-4.607209	 -0.461153	 
-4.613344	 -0.467426	 
-4.619479	 -0.473203	 
-4.625613	 -0.478481	 
-4.631748	 -0.483259	 
-4.637883	 -0.487534	 
-4.644018	 -0.491308	 
-4.650152	 -0.494579	 
-4.656287	 -0.497348	 
-4.662422	 -0.499616	 
-4.668557	 -0.501385	 
-4.674691	 -0.502656	 
-4.680826	 -0.503431	 
-4.686961	 -0.503714	 
-4.693096	 -0.503507	 
-4.699230	 -0.502816	 
-4.705365	 -0.501644	 
-4.711500	 -0.499995	 
-4.717635	 -0.497876	 
-4.723770	 -0.495291	 
-4.729904	 -0.492247	 
-4.736039	 -0.488750	 
-4.742174	 -0.484808	 
-4.748309	 -0.480428	 
-4.754443	 -0.475616	 
-4.760578	 -0.470383	 
-4.766713	 -0.464735	 
-4.772848	 -0.458682	 
-4.778982	 -0.452234	 
-4.785117	 -0.445399	 
-4.791252	 -0.438188	 
-4.797387	 -0.430610	 
-4.803521	 -0.422677	 
-4.809656	 -0.414399	 
-4.815791	 -0.405787	 
-4.821926	 -0.396852	 
-4.828061	 -0.387607	 
-4.834195	 -0.378062	 
-4.840330	 -0.368230	 
-4.846465	 -0.358123	 
-4.852600	 -0.347754	 
-4.858734	 -0.337135	 
-4.864869	 -0.326278	 
-4.871004	 -0.315198	 
-4.877139	 -0.303906	 
-4.883273	 -0.292416	 
-4.889408	 -0.280742	 
-4.895543	 -0.268896	 
-4.901678	 -0.256892	 
-4.907813	 -0.244744	 
-4.913947	 -0.232464	 
-4.920082	 -0.220068	 
-4.926217	 -0.207567	 
-4.932352	 -0.194976	 
-4.938486	 -0.182309	 
-4.944621	 -0.169578	 
-4.950756	 -0.156798	 
-4.956891	 -0.143981	 
-4.963025	 -0.131142	 
-4.969160	 -0.118293	 
-4.975295	 -0.105448	 
-4.981430	 -0.092619	 
-4.987564	 -0.079820	 
-4.993699	 -0.067064	 
-4.999834	 -0.054362	 
-5.005969	 -0.041728	 
-5.012104	 -0.029174	 
-5.018238	 -0.016713	 
-5.024373	 -0.004355	 
-5.030508	 0.007888	 
-5.036643	 0.020003	 
-5.042777	 0.031979	 
-5.048912	 0.043806	 
-5.055047	 0.055473	 
-5.061182	 0.066969	 
-5.067316	 0.078284	 
-5.073451	 0.089408	 
-5.079586	 0.100332	 
-5.085721	 0.111045	 
-5.091855	 0.121540	 
-5.097990	 0.131806	 
-5.104125	 0.141836	 
-5.110260	 0.151622	 
-5.116395	 0.161156	 
-5.122529	 0.170430	 
-5.128664	 0.179438	 
-5.134799	 0.188172	 
-5.140934	 0.196627	 
-5.147068	 0.204796	 
-5.153203	 0.212674	 
-5.159338	 0.220254	 
-5.165473	 0.227534	 
-5.171607	 0.234507	 
-5.177742	 0.241170	 
-5.183877	 0.247519	 
-5.190012	 0.253550	 
-5.196146	 0.259261	 
-5.202281	 0.264649	 
-5.208416	 0.269711	 
-5.214551	 0.274446	 
-5.220686	 0.278852	 
-5.226820	 0.282928	 
-5.232955	 0.286674	 
-5.239090	 0.290088	 
-5.245225	 0.293171	 
-5.251359	 0.295923	 
-5.257494	 0.298345	 
-5.263629	 0.300438	 
-5.269764	 0.302203	 
-5.275898	 0.303642	 
-5.282033	 0.304757	 
-5.288168	 0.305551	 
-5.294303	 0.306027	 
-5.300438	 0.306187	 
-5.306572	 0.306035	 
-5.312707	 0.305574	 
-5.318842	 0.304810	 
-5.324977	 0.303746	 
-5.331111	 0.302386	 
-5.337246	 0.300736	 
-5.343381	 0.298801	 
-5.349516	 0.296587	 
-5.355650	 0.294099	 
-5.361785	 0.291343	 
-5.367920	 0.288326	 
-5.374055	 0.285054	 
-5.380189	 0.281533	 
-5.386324	 0.277771	 
-5.392459	 0.273775	 
-5.398594	 0.269552	 
-5.404729	 0.265109	 
-5.410863	 0.260455	 
-5.416998	 0.255597	 
-5.423133	 0.250543	 
-5.429268	 0.245301	 
-5.435402	 0.239880	 
-5.441537	 0.234288	 
-5.447672	 0.228533	 
-5.453807	 0.222624	 
-5.459941	 0.216570	 
-5.466076	 0.210380	 
-5.472211	 0.204062	 
-5.478346	 0.197625	 
-5.484480	 0.191078	 
-5.490615	 0.184431	 
-5.496750	 0.177691	 
-5.502885	 0.170869	 
-5.509020	 0.163972	 
-5.515154	 0.157011	 
-5.521289	 0.149994	 
-5.527424	 0.142930	 
-5.533559	 0.135827	 
-5.539693	 0.128695	 
-5.545828	 0.121543	 
-5.551963	 0.114379	 
-5.558098	 0.107211	 
-5.564232	 0.100049	 
-5.570367	 0.092900	 
-5.576502	 0.085773	 
-5.582637	 0.078676	 
-5.588771	 0.071617	 
-5.594906	 0.064604	 
-5.601041	 0.057644	 
-5.607176	 0.050746	 
-5.613311	 0.043917	 
-5.619445	 0.037164	 
-5.625580	 0.030493	 
-5.631715	 0.023912	 
-5.637850	 0.017428	 
-5.643984	 0.011047	 
-5.650119	 0.004775	 
-5.656254	 -0.001382	 
-5.662389	 -0.007417	 
-5.668523	 -0.013326	 
-5.674658	 -0.019103	 
-5.680793	 -0.024743	 
-5.686928	 -0.030240	 
-5.693063	 -0.035591	 
-5.699197	 -0.040791	 
-5.705332	 -0.045836	 
-5.711467	 -0.050721	 
-5.717602	 -0.055444	 
-5.723736	 -0.060000	 
-5.729871	 -0.064387	 
-5.736006	 -0.068603	 
-5.742141	 -0.072643	 
-5.748275	 -0.076507	 
-5.754410	 -0.080192	 
-5.760545	 -0.083696	 
-5.766680	 -0.087018	 
-5.772814	 -0.090156	 
-5.778949	 -0.093110	 
-5.785084	 -0.095879	 
-5.791219	 -0.098463	 
-5.797354	 -0.100860	 
-5.803488	 -0.103073	 
-5.809623	 -0.105100	 
-5.815758	 -0.106942	 
-5.821893	 -0.108601	 
-5.828027	 -0.110077	 
-5.834162	 -0.111372	 
-5.840297	 -0.112488	 
-5.846432	 -0.113426	 
-5.852566	 -0.114188	 
-5.858701	 -0.114776	 
-5.864836	 -0.115194	 
-5.870971	 -0.115444	 
-5.877105	 -0.115529	 
-5.883240	 -0.115453	 
-5.889375	 -0.115217	 
-5.895510	 -0.114827	 
-5.901645	 -0.114286	 
-5.907779	 -0.113598	 
-5.913914	 -0.112766	 
-5.920049	 -0.111796	 
-5.926184	 -0.110692	 
-5.932318	 -0.109458	 
-5.938453	 -0.108100	 
-5.944588	 -0.106621	 
-5.950723	 -0.105027	 
-5.956857	 -0.103324	 
-5.962992	 -0.101516	 
-5.969127	 -0.099609	 
-5.975262	 -0.097609	 
-5.981396	 -0.095520	 
-5.987531	 -0.093349	 
-5.993666	 -0.091101	 
-5.999801	 -0.088782	 
-6.005936	 -0.086398	 
-6.012070	 -0.083955	 
-6.018205	 -0.081458	 
-6.024340	 -0.078914	 
-6.030475	 -0.076328	 
-6.036609	 -0.073707	 
-6.042744	 -0.071056	 
-6.048879	 -0.068381	 
-6.055014	 -0.065689	 
-6.061148	 -0.062985	 
-6.067283	 -0.060274	 
-6.073418	 -0.057564	 
-6.079553	 -0.054859	 
-6.085688	 -0.052165	 
-6.091822	 -0.049489	 
-6.097957	 -0.046834	 
-6.104092	 -0.044208	 
-6.110227	 -0.041615	 
-6.116361	 -0.039061	 
-6.122496	 -0.036550	 
-6.128631	 -0.034088	 
-6.134766	 -0.031680	 
-6.140900	 -0.029330	 
-6.147035	 -0.027044	 
-6.153170	 -0.024825	 
-6.159305	 -0.022678	 
-6.165439	 -0.020607	 
-6.171574	 -0.018617	 
-6.177709	 -0.016710	 
-6.183844	 -0.014892	 
-6.189979	 -0.013164	 
-6.196113	 -0.011532	 
-6.202248	 -0.009997	 
-6.208383	 -0.008563	 
-6.214518	 -0.007232	 
-6.220652	 -0.006008	 
-6.226787	 -0.004891	 
-6.232922	 -0.003886	 
-6.239057	 -0.002992	 
-6.245191	 -0.002213	 
-6.251326	 -0.001549	 
-6.257461	 -0.001002	 
-6.263596	 -0.000573	 
-6.269730	 -0.000263	 
-6.275865	 -0.000071	 
-6.282000	 0.000000	 
-6.288135	 -0.000048	 
-6.294270	 -0.000216	 
-6.300404	 -0.000504	 
-6.306539	 -0.000910	 
-6.312674	 -0.001435	 
-6.318809	 -0.002076	 
-6.324943	 -0.002834	 
-6.331078	 -0.003706	 
-6.337213	 -0.004691	 
-6.343348	 -0.005787	 
-6.349482	 -0.006992	 
-6.355617	 -0.008304	 
-6.361752	 -0.009720	 
-6.367887	 -0.011237	 
-6.374021	 -0.012853	 
-6.380156	 -0.014565	 
-6.386291	 -0.016369	 
-6.392426	 -0.018262	 
-6.398561	 -0.020240	 
-6.404695	 -0.022299	 
-6.410830	 -0.024436	 
-6.416965	 -0.026646	 
-6.423100	 -0.028925	 
-6.429234	 -0.031268	 
-6.435369	 -0.033671	 
-6.441504	 -0.036130	 
-6.447639	 -0.038638	 
-6.453773	 -0.041192	 
-6.459908	 -0.043785	 
-6.466043	 -0.046414	 
-6.472178	 -0.049072	 
-6.478313	 -0.051754	 
-6.484447	 -0.054454	 
-6.490582	 -0.057167	 
-6.496717	 -0.059888	 
-6.502852	 -0.062610	 
-6.508986	 -0.065327	 
-6.515121	 -0.068034	 
-6.521256	 -0.070726	 
-6.527391	 -0.073395	 
-6.533525	 -0.076036	 
-6.539660	 -0.078643	 
-6.545795	 -0.081210	 
-6.551930	 -0.083731	 
-6.558064	 -0.086201	 
-6.564199	 -0.088613	 
-6.570334	 -0.090961	 
-6.576469	 -0.093240	 
-6.582604	 -0.095443	 
-6.588738	 -0.097566	 
-6.594873	 -0.099602	 
-6.601008	 -0.101545	 
-6.607143	 -0.103391	 
-6.613277	 -0.105134	 
-6.619412	 -0.106769	 
-6.625547	 -0.108289	 
-6.631682	 -0.109691	 
-6.637816	 -0.110970	 
-6.643951	 -0.112120	 
-6.650086	 -0.113136	 
-6.656221	 -0.114015	 
-6.662355	 -0.114752	 
-6.668490	 -0.115343	 
-6.674625	 -0.115784	 
-6.680760	 -0.116070	 
-6.686895	 -0.116199	 
-6.693029	 -0.116167	 
-6.699164	 -0.115970	 
-6.705299	 -0.115605	 
-6.711434	 -0.115071	 
-6.717568	 -0.114363	 
-6.723703	 -0.113480	 
-6.729838	 -0.112420	 
-6.735973	 -0.111180	 
-6.742107	 -0.109759	 
-6.748242	 -0.108155	 
-6.754377	 -0.106367	 
-6.760512	 -0.104395	 
-6.766646	 -0.102237	 
-6.772781	 -0.099894	 
-6.778916	 -0.097364	 
-6.785051	 -0.094648	 
-6.791186	 -0.091747	 
-6.797320	 -0.088660	 
-6.803455	 -0.085389	 
-6.809590	 -0.081935	 
-6.815725	 -0.078300	 
-6.821859	 -0.074484	 
-6.827994	 -0.070491	 
-6.834129	 -0.066322	 
-6.840264	 -0.061979	 
-6.846398	 -0.057466	 
-6.852533	 -0.052785	 
-6.858668	 -0.047939	 
-6.864803	 -0.042934	 
-6.870938	 -0.037771	 
-6.877072	 -0.032455	 
-6.883207	 -0.026991	 
-6.889342	 -0.021382	 
-6.895477	 -0.015635	 
-6.901611	 -0.009753	 
-6.907746	 -0.003743	 
-6.913881	 0.002391	 
-6.920016	 0.008642	 
-6.926150	 0.015005	 
-6.932285	 0.021473	 
-6.938420	 0.028040	 
-6.944555	 0.034700	 
-6.950689	 0.041445	 
-6.956824	 0.048268	 
-6.962959	 0.055163	 
-6.969094	 0.062122	 
-6.975229	 0.069137	 
-6.981363	 0.076201	 
-6.987498	 0.083306	 
-6.993633	 0.090444	 
-6.999768	 0.097606	 
-7.005902	 0.104785	 
-7.012037	 0.111972	 
-7.018172	 0.119159	 
-7.024307	 0.126337	 
-7.030441	 0.133497	 
-7.036576	 0.140631	 
-7.042711	 0.147730	 
-7.048846	 0.154784	 
-7.054980	 0.161786	 
-7.061115	 0.168725	 
-7.067250	 0.175594	 
-7.073385	 0.182383	 
-7.079520	 0.189083	 
-7.085654	 0.195685	 
-7.091789	 0.202180	 
-7.097924	 0.208559	 
-7.104059	 0.214813	 
-7.110193	 0.220934	 
-7.116328	 0.226912	 
-7.122463	 0.232739	 
-7.128598	 0.238406	 
-7.134732	 0.243905	 
-7.140867	 0.249227	 
-7.147002	 0.254364	 
-7.153137	 0.259307	 
-7.159271	 0.264049	 
-7.165406	 0.268581	 
-7.171541	 0.272897	 
-7.177676	 0.276987	 
-7.183811	 0.280846	 
-7.189945	 0.284465	 
-7.196080	 0.287838	 
-7.202215	 0.290958	 
-7.208350	 0.293818	 
-7.214484	 0.296411	 
-7.220619	 0.298733	 
-7.226754	 0.300777	 
-7.232889	 0.302537	 
-7.239023	 0.304008	 
-7.245158	 0.305185	 
-7.251293	 0.306063	 
-7.257428	 0.306638	 
-7.263563	 0.306906	 
-7.269697	 0.306862	 
-7.275832	 0.306504	 
-7.281967	 0.305827	 
-7.288102	 0.304829	 
-7.294236	 0.303508	 
-7.300371	 0.301861	 
-7.306506	 0.299886	 
-7.312641	 0.297582	 
-7.318775	 0.294948	 
-7.324910	 0.291982	 
-7.331045	 0.288685	 
-7.337180	 0.285055	 
-7.343314	 0.281094	 
-7.349449	 0.276803	 
-7.355584	 0.272181	 
-7.361719	 0.267230	 
-7.367854	 0.261953	 
-7.373988	 0.256352	 
-7.380123	 0.250428	 
-7.386258	 0.244185	 
-7.392393	 0.237626	 
-7.398527	 0.230755	 
-7.404662	 0.223575	 
-7.410797	 0.216092	 
-7.416932	 0.208310	 
-7.423066	 0.200234	 
-7.429201	 0.191870	 
-7.435336	 0.183223	 
-7.441471	 0.174300	 
-7.447605	 0.165107	 
-7.453740	 0.155652	 
-7.459875	 0.145941	 
-7.466010	 0.135983	 
-7.472145	 0.125785	 
-7.478279	 0.115355	 
-7.484414	 0.104704	 
-7.490549	 0.093838	 
-7.496684	 0.082768	 
-7.502818	 0.071503	 
-7.508953	 0.060052	 
-7.515088	 0.048427	 
-7.521223	 0.036638	 
-7.527357	 0.024695	 
-7.533492	 0.012609	 
-7.539627	 0.000391	 
-7.545762	 -0.011947	 
-7.551896	 -0.024393	 
-7.558031	 -0.036936	 
-7.564166	 -0.049563	 
-7.570301	 -0.062263	 
-7.576436	 -0.075022	 
-7.582570	 -0.087829	 
-7.588705	 -0.100671	 
-7.594840	 -0.113533	 
-7.600975	 -0.126405	 
-7.607109	 -0.139271	 
-7.613244	 -0.152120	 
-7.619379	 -0.164937	 
-7.625514	 -0.177710	 
-7.631648	 -0.190424	 
-7.637783	 -0.203067	 
-7.643918	 -0.215624	 
-7.650053	 -0.228082	 
-7.656188	 -0.240428	 
-7.662322	 -0.252648	 
-7.668457	 -0.264728	 
-7.674592	 -0.276655	 
-7.680727	 -0.288415	 
-7.686861	 -0.299995	 
-7.692996	 -0.311382	 
-7.699131	 -0.322562	 
-7.705266	 -0.333523	 
-7.711400	 -0.344250	 
-7.717535	 -0.354733	 
-7.723670	 -0.364957	 
-7.729805	 -0.374910	 
-7.735939	 -0.384580	 
-7.742074	 -0.393956	 
-7.748209	 -0.403024	 
-7.754344	 -0.411773	 
-7.760479	 -0.420192	 
-7.766613	 -0.428270	 
-7.772748	 -0.435996	 
-7.778883	 -0.443359	 
-7.785018	 -0.450348	 
-7.791152	 -0.456955	 
-7.797287	 -0.463168	 
-7.803422	 -0.468980	 
-7.809557	 -0.474380	 
-7.815691	 -0.479360	 
-7.821826	 -0.483912	 
-7.827961	 -0.488028	 
-7.834096	 -0.491700	 
-7.840230	 -0.494922	 
-7.846365	 -0.497686	 
-7.852500	 -0.499986	 
-7.858635	 -0.501817	 
-7.864770	 -0.503173	 
-7.870904	 -0.504050	 
-7.877039	 -0.504442	 
-7.883174	 -0.504345	 
-7.889309	 -0.503757	 
-7.895443	 -0.502673	 
-7.901578	 -0.501092	 
-7.907713	 -0.499012	 
-7.913848	 -0.496430	 
-7.919982	 -0.493346	 
-7.926117	 -0.489758	 
-7.932252	 -0.485668	 
-7.938387	 -0.481075	 
-7.944521	 -0.475981	 
-7.950656	 -0.470386	 
-7.956791	 -0.464293	 
-7.962926	 -0.457704	 
-7.969061	 -0.450623	 
-7.975195	 -0.443052	 
-7.981330	 -0.434997	 
-7.987465	 -0.426460	 
-7.993600	 -0.417449	 
-7.999734	 -0.407968	 
-8.005869	 -0.398023	 
-8.012004	 -0.387621	 
-8.018139	 -0.376770	 
-8.024273	 -0.365476	 
-8.030408	 -0.353748	 
-8.036543	 -0.341595	 
-8.042678	 -0.329026	 
-8.048813	 -0.316051	 
-8.054947	 -0.302679	 
-8.061082	 -0.288921	 
-8.067217	 -0.274788	 
-8.073352	 -0.260291	 
-8.079486	 -0.245444	 
-8.085621	 -0.230257	 
-8.091756	 -0.214744	 
-8.097891	 -0.198917	 
-8.104025	 -0.182791	 
-8.110160	 -0.166379	 
-8.116295	 -0.149696	 
-8.122430	 -0.132757	 
-8.128564	 -0.115575	 
-8.134699	 -0.098168	 
-8.140834	 -0.080550	 
-8.146969	 -0.062737	 
-8.153104	 -0.044747	 
-8.159238	 -0.026595	 
-8.165373	 -0.008298	 
-8.171508	 0.010127	 
-8.177643	 0.028661	 
-8.183777	 0.047289	 
-8.189912	 0.065991	 
-8.196047	 0.084750	 
-8.202182	 0.103549	 
-8.208316	 0.122368	 
-8.214451	 0.141189	 
-8.220586	 0.159994	 
-8.226721	 0.178764	 
-8.232855	 0.197480	 
-8.238990	 0.216125	 
-8.245125	 0.234678	 
-8.251260	 0.253122	 
-8.257395	 0.271437	 
-8.263529	 0.289605	 
-8.269664	 0.307607	 
-8.275799	 0.325424	 
-8.281934	 0.343038	 
-8.288068	 0.360430	 
-8.294203	 0.377582	 
-8.300338	 0.394475	 
-8.306473	 0.411092	 
-8.312607	 0.427414	 
-8.318742	 0.443425	 
-8.324877	 0.459105	 
-8.331012	 0.474438	 
-8.337146	 0.489407	 
-8.343281	 0.503995	 
-8.349416	 0.518186	 
-8.355551	 0.531963	 
-8.361686	 0.545311	 
-8.367820	 0.558213	 
-8.373955	 0.570656	 
-8.380090	 0.582623	 
-8.386225	 0.594100	 
-8.392359	 0.605074	 
-8.398494	 0.615531	 
-8.404629	 0.625458	 
-8.410764	 0.634841	 
-8.416898	 0.643669	 
-8.423033	 0.651930	 
-8.429168	 0.659613	 
-8.435303	 0.666706	 
-8.441438	 0.673200	 
-8.447572	 0.679085	 
-8.453707	 0.684352	 
-8.459842	 0.688993	 
-8.465977	 0.692998	 
-8.472111	 0.696361	 
-8.478246	 0.699075	 
-8.484381	 0.701134	 
-8.490516	 0.702532	 
-8.496650	 0.703264	 
-8.502785	 0.703326	 
-8.508920	 0.702714	 
-8.515055	 0.701425	 
-8.521189	 0.699456	 
-8.527324	 0.696806	 
-8.533459	 0.693474	 
-8.539594	 0.689459	 
-8.545729	 0.684762	 
-8.551863	 0.679383	 
-8.557998	 0.673324	 
-8.564133	 0.666588	 
-8.570268	 0.659176	 
-8.576402	 0.651094	 
-8.582537	 0.642344	 
-8.588672	 0.632933	 
-8.594807	 0.622865	 
-8.600941	 0.612148	 
-8.607076	 0.600787	 
-8.613211	 0.588792	 
-8.619346	 0.576169	 
-8.625480	 0.562929	 
-8.631615	 0.549081	 
-8.637750	 0.534634	 
-8.643885	 0.519601	 
-8.650020	 0.503992	 
-8.656154	 0.487819	 
-8.662289	 0.471097	 
-8.668424	 0.453837	 
-8.674559	 0.436054	 
-8.680693	 0.417763	 
-8.686828	 0.398978	 
-8.692963	 0.379716	 
-8.699098	 0.359993	 
-8.705232	 0.339825	 
-8.711367	 0.319229	 
-8.717502	 0.298224	 
-8.723637	 0.276829	 
-8.729771	 0.255060	 
-8.735906	 0.232939	 
-8.742041	 0.210484	 
-8.748176	 0.187715	 
-8.754311	 0.164654	 
-8.760445	 0.141320	 
-8.766580	 0.117736	 
-8.772715	 0.093923	 
-8.778850	 0.069902	 
-8.784984	 0.045696	 
-8.791119	 0.021327	 
-8.797254	 -0.003181	 
-8.803389	 -0.027806	 
-8.809523	 -0.052525	 
-8.815658	 -0.077314	 
-8.821793	 -0.102149	 
-8.827928	 -0.127007	 
-8.834063	 -0.151864	 
-8.840197	 -0.176696	 
-8.846332	 -0.201478	 
-8.852467	 -0.226187	 
-8.858602	 -0.250799	 
-8.864736	 -0.275288	 
-8.870871	 -0.299631	 
-8.877006	 -0.323804	 
-8.883141	 -0.347783	 
-8.889275	 -0.371543	 
-8.895410	 -0.395061	 
-8.901545	 -0.418312	 
-8.907680	 -0.441274	 
-8.913814	 -0.463922	 
-8.919949	 -0.486233	 
-8.926084	 -0.508185	 
-8.932219	 -0.529754	 
-8.938354	 -0.550918	 
-8.944488	 -0.571655	 
-8.950623	 -0.591942	 
-8.956758	 -0.611758	 
-8.962893	 -0.631082	 
-8.969027	 -0.649893	 
-8.975162	 -0.668170	 
-8.981297	 -0.685894	 
-8.987432	 -0.703045	 
-8.993566	 -0.719603	 
-8.999701	 -0.735551	 
-9.005836	 -0.750870	 
-9.011971	 -0.765542	 
-9.018105	 -0.779551	 
-9.024240	 -0.792880	 
-9.030375	 -0.805513	 
-9.036510	 -0.817435	 
-9.042645	 -0.828631	 
-9.048779	 -0.839087	 
-9.054914	 -0.848791	 
-9.061049	 -0.857729	 
-9.067184	 -0.865890	 
-9.073318	 -0.873261	 
-9.079453	 -0.879834	 
-9.085588	 -0.885597	 
-9.091723	 -0.890542	 
-9.097857	 -0.894660	 
-9.103992	 -0.897944	 
-9.110127	 -0.900388	 
-9.116262	 -0.901985	 
-9.122396	 -0.902729	 
-9.128531	 -0.902618	 
-9.134666	 -0.901646	 
-9.140801	 -0.899812	 
-9.146936	 -0.897113	 
-9.153070	 -0.893549	 
-9.159205	 -0.889119	 
-9.165340	 -0.883823	 
-9.171475	 -0.877663	 
-9.177609	 -0.870642	 
-9.183744	 -0.862763	 
-9.189879	 -0.854029	 
-9.196014	 -0.844445	 
-9.202148	 -0.834017	 
-9.208283	 -0.822751	 
-9.214418	 -0.810656	 
-9.220553	 -0.797738	 
-9.226687	 -0.784007	 
-9.232822	 -0.769473	 
-9.238957	 -0.754146	 
-9.245092	 -0.738038	 
-9.251227	 -0.721161	 
-9.257361	 -0.703528	 
-9.263496	 -0.685153	 
-9.269631	 -0.666050	 
-9.275766	 -0.646235	 
-9.281900	 -0.625724	 
-9.288035	 -0.604534	 
-9.294170	 -0.582683	 
-9.300305	 -0.560188	 
-9.306439	 -0.537068	 
-9.312574	 -0.513344	 
-9.318709	 -0.489036	 
-9.324844	 -0.464164	 
-9.330979	 -0.438750	 
-9.337113	 -0.412817	 
-9.343248	 -0.386386	 
-9.349383	 -0.359483	 
-9.355518	 -0.332129	 
-9.361652	 -0.304351	 
-9.367787	 -0.276172	 
-9.373922	 -0.247619	 
-9.380057	 -0.218716	 
-9.386191	 -0.189491	 
-9.392326	 -0.159970	 
-9.398461	 -0.130181	 
-9.404596	 -0.100150	 
-9.410730	 -0.069906	 
-9.416865	 -0.039476	 
