-0.314113	 0.000000 	 0.098667	  
0.101842	 0.159154 	 0.035702	  
-0.076239	 -0.079577 	 0.012145	  
0.011778	 0.053050 	 0.002953	  
-0.177290	 -0.039788 	 0.033015	  
0.004573	 0.281828 	 0.079448	  
0.144235	 -0.026524 	 0.021507	  
0.002588	 0.022732 	 0.000523	  
0.040358	 -0.019892 	 0.002024	  
0.001771	 0.017678 	 0.000316	  
0.020769	 -0.015912 	 0.000685	  
0.001358	 0.014461 	 0.000211	  
0.012923	 -0.013259 	 0.000343	  
0.001120	 0.012234 	 0.000151	  
0.008856	 -0.011364 	 0.000208	  
0.000971	 0.010600 	 0.000113	  
0.006438	 -0.009942 	 0.000140	  
0.000871	 0.009350 	 0.000088	  
0.004871	 -0.008836 	 0.000102	  
0.000801	 0.008363 	 0.000071	  
0.003792	 -0.007952 	 0.000078	  
0.000750	 0.007564 	 0.000058	  
0.003016	 -0.007228 	 0.000061	  
0.000712	 0.006904 	 0.000048	  
0.002437	 -0.006624 	 0.000050	  
0.000682	 0.006349 	 0.000041	  
0.001993	 -0.006113 	 0.000041	  
0.000659	 0.005876 	 0.000035	  
0.001645	 -0.005676 	 0.000035	  
0.000640	 0.005468 	 0.000030	  
0.001367	 -0.005296 	 0.000030	  
0.000625	 0.005112 	 0.000027	  
0.001141	 -0.004964 	 0.000026	  
0.000613	 0.004800 	 0.000023	  
0.000955	 -0.004671 	 0.000023	  
0.000602	 0.004523 	 0.000021	  
0.000800	 -0.004410 	 0.000020	  
0.000594	 0.004276 	 0.000019	  
0.000669	 -0.004177 	 0.000018	  
0.000586	 0.004054 	 0.000017	  
0.000558	 -0.003967 	 0.000016	  
0.000580	 0.003853 	 0.000015	  
0.000463	 -0.003776 	 0.000014	  
0.000574	 0.003671 	 0.000014	  
0.000380	 -0.003604 	 0.000013	  
0.000569	 0.003506 	 0.000013	  
0.000309	 -0.003446 	 0.000012	  
0.000565	 0.003354 	 0.000012	  
0.000246	 -0.003301 	 0.000011	  
0.000561	 0.003214 	 0.000011	  
0.000190	 -0.003168 	 0.000010	  
0.000558	 0.003085 	 0.000010	  
0.000141	 -0.003045 	 0.000009	  
0.000555	 0.002966 	 0.000009	  
0.000097	 -0.002931 	 0.000009	  
0.000552	 0.002856 	 0.000008	  
0.000058	 -0.002825 	 0.000008	  
0.000550	 0.002753 	 0.000008	  
0.000023	 -0.002726 	 0.000007	  
0.000547	 0.002657 	 0.000007	  
-0.000008	 -0.002634 	 0.000007	  
0.000545	 0.002567 	 0.000007	  
-0.000037	 -0.002548 	 0.000006	  
0.000544	 0.002483 	 0.000006	  
-0.000063	 -0.002467 	 0.000006	  
0.000542	 0.002404 	 0.000006	  
-0.000086	 -0.002391 	 0.000006	  
0.000540	 0.002329 	 0.000006	  
-0.000108	 -0.002319 	 0.000005	  
0.000539	 0.002259 	 0.000005	  
-0.000128	 -0.002252 	 0.000005	  
0.000537	 0.002193 	 0.000005	  
-0.000146	 -0.002188 	 0.000005	  
0.000534	 0.002130 	 0.000005	  
-0.000161	 -0.002125 	 0.000005	  
0.000536	 0.002069 	 0.000005	  
-0.000178	 -0.002069 	 0.000004	  
0.000534	 0.002013 	 0.000004	  
-0.000192	 -0.002013 	 0.000004	  
0.000536	 0.001958 	 0.000004	  
-0.000207	 -0.001965 	 0.000004	  
0.000534	 0.001909 	 0.000004	  
-0.000218	 -0.001915 	 0.000004	  
0.000534	 0.001860 	 0.000004	  
-0.000231	 -0.001872 	 0.000004	  
0.000529	 0.001815 	 0.000004	  
-0.000240	 -0.001824 	 0.000003	  
0.000529	 0.001770 	 0.000003	  
-0.000250	 -0.001781 	 0.000003	  
0.000529	 0.001727 	 0.000003	  
-0.000259	 -0.001740 	 0.000003	  
0.000528	 0.001687 	 0.000003	  
-0.000268	 -0.001701 	 0.000003	  
0.000527	 0.001648 	 0.000003	  
-0.000276	 -0.001663 	 0.000003	  
0.000526	 0.001610 	 0.000003	  
-0.000284	 -0.001627 	 0.000003	  
0.000526	 0.001574 	 0.000003	  
-0.000291	 -0.001593 	 0.000003	  
0.000525	 0.001540 	 0.000003	  
-0.000298	 -0.001560 	 0.000003	  
0.000524	 0.001507 	 0.000003	  
-0.000304	 -0.001528 	 0.000002	  
0.000524	 0.001475 	 0.000002	  
-0.000310	 -0.001497 	 0.000002	  
0.000523	 0.001444 	 0.000002	  
-0.000316	 -0.001468 	 0.000002	  
0.000523	 0.001414 	 0.000002	  
-0.000321	 -0.001439 	 0.000002	  
0.000522	 0.001386 	 0.000002	  
-0.000327	 -0.001411 	 0.000002	  
0.000522	 0.001358 	 0.000002	  
-0.000331	 -0.001385 	 0.000002	  
0.000521	 0.001331 	 0.000002	  
-0.000336	 -0.001359 	 0.000002	  
0.000521	 0.001305 	 0.000002	  
-0.000341	 -0.001334 	 0.000002	  
0.000520	 0.001280 	 0.000002	  
-0.000345	 -0.001310 	 0.000002	  
0.000520	 0.001256 	 0.000002	  
-0.000349	 -0.001287 	 0.000002	  
0.000519	 0.001233 	 0.000002	  
-0.000353	 -0.001265 	 0.000002	  
0.000519	 0.001210 	 0.000002	  
-0.000356	 -0.001243 	 0.000002	  
0.000518	 0.001188 	 0.000002	  
-0.000360	 -0.001222 	 0.000002	  
0.000518	 0.001167 	 0.000002	  
-0.000363	 -0.001201 	 0.000002	  
0.000517	 0.001146 	 0.000002	  
-0.000367	 -0.001181 	 0.000002	  
0.000517	 0.001126 	 0.000002	  
-0.000370	 -0.001162 	 0.000001	  
0.000516	 0.001106 	 0.000001	  
-0.000373	 -0.001143 	 0.000001	  
0.000516	 0.001087 	 0.000001	  
-0.000375	 -0.001125 	 0.000001	  
0.000515	 0.001069 	 0.000001	  
-0.000378	 -0.001107 	 0.000001	  
0.000515	 0.001051 	 0.000001	  
-0.000381	 -0.001090 	 0.000001	  
0.000514	 0.001033 	 0.000001	  
-0.000383	 -0.001073 	 0.000001	  
0.000514	 0.001016 	 0.000001	  
-0.000386	 -0.001057 	 0.000001	  
0.000513	 0.001000 	 0.000001	  
-0.000388	 -0.001041 	 0.000001	  
0.000513	 0.000983 	 0.000001	  
-0.000390	 -0.001026 	 0.000001	  
0.000513	 0.000968 	 0.000001	  
-0.000392	 -0.001011 	 0.000001	  
0.000512	 0.000953 	 0.000001	  
-0.000393	 -0.000997 	 0.000001	  
0.000509	 0.000935 	 0.000001	  
-0.000398	 -0.000980 	 0.000001	  
0.000510	 0.000922 	 0.000001	  
-0.000398	 -0.000966 	 0.000001	  
0.000509	 0.000905 	 0.000001	  
-0.000403	 -0.000950 	 0.000001	  
0.000512	 0.000893 	 0.000001	  
-0.000405	 -0.000939 	 0.000001	  
0.000510	 0.000879 	 0.000001	  
-0.000408	 -0.000925 	 0.000001	  
0.000512	 0.000869 	 0.000001	  
-0.000406	 -0.000915 	 0.000001	  
0.000510	 0.000854 	 0.000001	  
-0.000409	 -0.000902 	 0.000001	  
0.000509	 0.000841 	 0.000001	  
-0.000410	 -0.000889 	 0.000001	  
0.000509	 0.000829 	 0.000001	  
-0.000412	 -0.000877 	 0.000001	  
0.000508	 0.000816 	 0.000001	  
-0.000414	 -0.000866 	 0.000001	  
0.000508	 0.000804 	 0.000001	  
-0.000415	 -0.000854 	 0.000001	  
0.000507	 0.000792 	 0.000001	  
-0.000417	 -0.000843 	 0.000001	  
0.000507	 0.000781 	 0.000001	  
-0.000418	 -0.000832 	 0.000001	  
0.000506	 0.000770 	 0.000001	  
-0.000420	 -0.000821 	 0.000001	  
0.000506	 0.000759 	 0.000001	  
-0.000421	 -0.000810 	 0.000001	  
0.000506	 0.000748 	 0.000001	  
-0.000422	 -0.000800 	 0.000001	  
0.000505	 0.000737 	 0.000001	  
-0.000424	 -0.000790 	 0.000001	  
0.000505	 0.000727 	 0.000001	  
-0.000425	 -0.000780 	 0.000001	  
0.000504	 0.000716 	 0.000001	  
-0.000426	 -0.000770 	 0.000001	  
0.000504	 0.000706 	 0.000001	  
-0.000428	 -0.000760 	 0.000001	  
0.000503	 0.000696 	 0.000001	  
-0.000429	 -0.000751 	 0.000001	  
0.000503	 0.000687 	 0.000001	  
-0.000430	 -0.000741 	 0.000001	  
0.000503	 0.000677 	 0.000001	  
-0.000431	 -0.000732 	 0.000001	  
0.000502	 0.000668 	 0.000001	  
-0.000432	 -0.000723 	 0.000001	  
0.000502	 0.000659 	 0.000001	  
-0.000434	 -0.000715 	 0.000001	  
0.000501	 0.000650 	 0.000001	  
-0.000435	 -0.000706 	 0.000001	  
0.000501	 0.000641 	 0.000001	  
-0.000436	 -0.000697 	 0.000001	  
0.000500	 0.000632 	 0.000001	  
-0.000437	 -0.000689 	 0.000001	  
0.000500	 0.000624 	 0.000001	  
-0.000438	 -0.000681 	 0.000001	  
0.000500	 0.000615 	 0.000001	  
-0.000439	 -0.000673 	 0.000001	  
0.000499	 0.000607 	 0.000001	  
-0.000440	 -0.000665 	 0.000001	  
0.000499	 0.000599 	 0.000001	  
-0.000441	 -0.000657 	 0.000001	  
0.000498	 0.000591 	 0.000001	  
-0.000442	 -0.000649 	 0.000001	  
0.000498	 0.000583 	 0.000001	  
-0.000443	 -0.000641 	 0.000001	  
0.000497	 0.000575 	 0.000001	  
-0.000444	 -0.000634 	 0.000001	  
0.000497	 0.000568 	 0.000001	  
-0.000445	 -0.000626 	 0.000001	  
0.000497	 0.000560 	 0.000001	  
-0.000446	 -0.000619 	 0.000001	  
0.000496	 0.000553 	 0.000001	  
-0.000447	 -0.000612 	 0.000001	  
0.000495	 0.000546 	 0.000001	  
-0.000449	 -0.000605 	 0.000001	  
0.000494	 0.000541 	 0.000001	  
-0.000446	 -0.000596 	 0.000001	  
0.000495	 0.000531 	 0.000001	  
-0.000448	 -0.000591 	 0.000001	  
0.000493	 0.000524 	 0.000001	  
-0.000447	 -0.000581 	 0.000001	  
0.000495	 0.000514 	 0.000001	  
-0.000452	 -0.000576 	 0.000001	  
0.000495	 0.000509 	 0.000001	  
-0.000451	 -0.000569 	 0.000001	  
0.000495	 0.000500 	 0.000000	  
-0.000456	 -0.000565 	 0.000001	  
0.000493	 0.000497 	 0.000000	  
-0.000454	 -0.000558 	 0.000001	  
0.000493	 0.000491 	 0.000000	  
-0.000455	 -0.000551 	 0.000001	  
0.000492	 0.000484 	 0.000000	  
-0.000456	 -0.000545 	 0.000001	  
0.000492	 0.000478 	 0.000000	  
-0.000456	 -0.000538 	 0.000000	  
0.000491	 0.000472 	 0.000000	  
-0.000457	 -0.000532 	 0.000000	  
0.000491	 0.000465 	 0.000000	  
-0.000458	 -0.000526 	 0.000000	  
0.000491	 0.000459 	 0.000000	  
-0.000459	 -0.000520 	 0.000000	  
0.000490	 0.000453 	 0.000000	  
-0.000459	 -0.000514 	 0.000000	  
0.000490	 0.000448 	 0.000000	  
-0.000460	 -0.000508 	 0.000000	  
0.000489	 0.000442 	 0.000000	  
-0.000461	 -0.000502 	 0.000000	  
0.000489	 0.000436 	 0.000000	  
-0.000461	 -0.000497 	 0.000000	  
0.000488	 0.000430 	 0.000000	  
-0.000462	 -0.000491 	 0.000000	  
0.000488	 0.000425 	 0.000000	  
-0.000463	 -0.000485 	 0.000000	  
0.000488	 0.000419 	 0.000000	  
-0.000464	 -0.000480 	 0.000000	  
0.000487	 0.000414 	 0.000000	  
-0.000464	 -0.000474 	 0.000000	  
0.000487	 0.000408 	 0.000000	  
-0.000465	 -0.000469 	 0.000000	  
0.000486	 0.000403 	 0.000000	  
-0.000466	 -0.000463 	 0.000000	  
0.000486	 0.000398 	 0.000000	  
-0.000466	 -0.000458 	 0.000000	  
0.000486	 0.000392 	 0.000000	  
-0.000467	 -0.000453 	 0.000000	  
0.000485	 0.000387 	 0.000000	  
-0.000468	 -0.000447 	 0.000000	  
0.000485	 0.000382 	 0.000000	  
-0.000468	 -0.000442 	 0.000000	  
0.000484	 0.000377 	 0.000000	  
-0.000469	 -0.000437 	 0.000000	  
0.000484	 0.000372 	 0.000000	  
-0.000470	 -0.000432 	 0.000000	  
0.000484	 0.000367 	 0.000000	  
-0.000470	 -0.000427 	 0.000000	  
0.000483	 0.000362 	 0.000000	  
-0.000471	 -0.000422 	 0.000000	  
0.000483	 0.000357 	 0.000000	  
-0.000471	 -0.000417 	 0.000000	  
0.000482	 0.000353 	 0.000000	  
-0.000472	 -0.000412 	 0.000000	  
0.000482	 0.000348 	 0.000000	  
-0.000473	 -0.000407 	 0.000000	  
0.000482	 0.000343 	 0.000000	  
-0.000473	 -0.000402 	 0.000000	  
0.000481	 0.000339 	 0.000000	  
-0.000474	 -0.000398 	 0.000000	  
0.000481	 0.000334 	 0.000000	  
-0.000474	 -0.000393 	 0.000000	  
0.000481	 0.000330 	 0.000000	  
-0.000475	 -0.000388 	 0.000000	  
0.000481	 0.000325 	 0.000000	  
-0.000475	 -0.000384 	 0.000000	  
0.000481	 0.000321 	 0.000000	  
-0.000476	 -0.000382 	 0.000000	  
0.000476	 0.000316 	 0.000000	  
-0.000476	 -0.000374 	 0.000000	  
0.000478	 0.000313 	 0.000000	  
-0.000476	 -0.000371 	 0.000000	  
0.000474	 0.000307 	 0.000000	  
-0.000477	 -0.000362 	 0.000000	  
0.000477	 0.000302 	 0.000000	  
-0.000478	 -0.000359 	 0.000000	  
0.000475	 0.000298 	 0.000000	  
-0.000479	 -0.000351 	 0.000000	  
0.000480	 0.000295 	 0.000000	  
-0.000479	 -0.000351 	 0.000000	  
0.000478	 0.000290 	 0.000000	  
-0.000480	 -0.000347 	 0.000000	  
0.000477	 0.000286 	 0.000000	  
-0.000481	 -0.000342 	 0.000000	  
0.000477	 0.000282 	 0.000000	  
-0.000481	 -0.000338 	 0.000000	  
0.000476	 0.000278 	 0.000000	  
-0.000482	 -0.000333 	 0.000000	  
0.000476	 0.000274 	 0.000000	  
-0.000482	 -0.000329 	 0.000000	  
0.000475	 0.000270 	 0.000000	  
-0.000483	 -0.000325 	 0.000000	  
0.000475	 0.000266 	 0.000000	  
-0.000483	 -0.000321 	 0.000000	  
0.000475	 0.000262 	 0.000000	  
-0.000484	 -0.000316 	 0.000000	  
0.000474	 0.000259 	 0.000000	  
-0.000484	 -0.000312 	 0.000000	  
0.000474	 0.000255 	 0.000000	  
-0.000485	 -0.000308 	 0.000000	  
0.000473	 0.000251 	 0.000000	  
-0.000485	 -0.000304 	 0.000000	  
0.000473	 0.000247 	 0.000000	  
-0.000485	 -0.000300 	 0.000000	  
0.000473	 0.000244 	 0.000000	  
-0.000486	 -0.000296 	 0.000000	  
0.000472	 0.000240 	 0.000000	  
-0.000486	 -0.000291 	 0.000000	  
0.000472	 0.000236 	 0.000000	  
-0.000487	 -0.000287 	 0.000000	  
0.000472	 0.000233 	 0.000000	  
-0.000487	 -0.000283 	 0.000000	  
0.000471	 0.000229 	 0.000000	  
-0.000488	 -0.000279 	 0.000000	  
0.000471	 0.000225 	 0.000000	  
-0.000488	 -0.000275 	 0.000000	  
0.000471	 0.000222 	 0.000000	  
-0.000489	 -0.000271 	 0.000000	  
0.000470	 0.000218 	 0.000000	  
-0.000489	 -0.000267 	 0.000000	  
0.000470	 0.000215 	 0.000000	  
-0.000489	 -0.000263 	 0.000000	  
0.000470	 0.000211 	 0.000000	  
-0.000490	 -0.000259 	 0.000000	  
0.000470	 0.000208 	 0.000000	  
-0.000490	 -0.000256 	 0.000000	  
0.000469	 0.000205 	 0.000000	  
-0.000491	 -0.000252 	 0.000000	  
0.000469	 0.000201 	 0.000000	  
-0.000491	 -0.000248 	 0.000000	  
0.000469	 0.000198 	 0.000000	  
-0.000492	 -0.000244 	 0.000000	  
0.000468	 0.000194 	 0.000000	  
-0.000492	 -0.000240 	 0.000000	  
0.000468	 0.000191 	 0.000000	  
-0.000492	 -0.000236 	 0.000000	  
0.000468	 0.000188 	 0.000000	  
-0.000493	 -0.000232 	 0.000000	  
0.000467	 0.000185 	 0.000000	  
-0.000493	 -0.000229 	 0.000000	  
0.000467	 0.000181 	 0.000000	  
-0.000494	 -0.000225 	 0.000000	  
0.000467	 0.000178 	 0.000000	  
-0.000495	 -0.000221 	 0.000000	  
0.000467	 0.000175 	 0.000000	  
-0.000497	 -0.000217 	 0.000000	  
0.000467	 0.000176 	 0.000000	  
-0.000492	 -0.000215 	 0.000000	  
0.000466	 0.000170 	 0.000000	  
-0.000494	 -0.000211 	 0.000000	  
0.000465	 0.000169 	 0.000000	  
-0.000490	 -0.000207 	 0.000000	  
0.000463	 0.000161 	 0.000000	  
-0.000494	 -0.000202 	 0.000000	  
0.000465	 0.000159 	 0.000000	  
-0.000492	 -0.000199 	 0.000000	  
0.000464	 0.000152 	 0.000000	  
-0.000498	 -0.000194 	 0.000000	  
0.000464	 0.000152 	 0.000000	  
-0.000497	 -0.000191 	 0.000000	  
0.000464	 0.000149 	 0.000000	  
-0.000497	 -0.000187 	 0.000000	  
0.000464	 0.000146 	 0.000000	  
-0.000497	 -0.000184 	 0.000000	  
0.000464	 0.000144 	 0.000000	  
-0.000497	 -0.000180 	 0.000000	  
0.000464	 0.000141 	 0.000000	  
-0.000498	 -0.000176 	 0.000000	  
0.000463	 0.000138 	 0.000000	  
-0.000498	 -0.000173 	 0.000000	  
0.000463	 0.000135 	 0.000000	  
-0.000498	 -0.000169 	 0.000000	  
0.000463	 0.000132 	 0.000000	  
-0.000499	 -0.000166 	 0.000000	  
0.000463	 0.000129 	 0.000000	  
-0.000499	 -0.000162 	 0.000000	  
0.000463	 0.000126 	 0.000000	  
-0.000499	 -0.000158 	 0.000000	  
0.000462	 0.000123 	 0.000000	  
-0.000499	 -0.000155 	 0.000000	  
0.000462	 0.000120 	 0.000000	  
-0.000500	 -0.000151 	 0.000000	  
0.000462	 0.000117 	 0.000000	  
-0.000500	 -0.000148 	 0.000000	  
0.000462	 0.000114 	 0.000000	  
-0.000500	 -0.000144 	 0.000000	  
0.000462	 0.000111 	 0.000000	  
-0.000500	 -0.000141 	 0.000000	  
0.000461	 0.000109 	 0.000000	  
-0.000501	 -0.000137 	 0.000000	  
0.000461	 0.000106 	 0.000000	  
-0.000501	 -0.000134 	 0.000000	  
0.000461	 0.000103 	 0.000000	  
-0.000501	 -0.000130 	 0.000000	  
0.000461	 0.000100 	 0.000000	  
-0.000501	 -0.000127 	 0.000000	  
0.000461	 0.000097 	 0.000000	  
-0.000501	 -0.000123 	 0.000000	  
0.000461	 0.000094 	 0.000000	  
-0.000502	 -0.000120 	 0.000000	  
0.000460	 0.000092 	 0.000000	  
-0.000502	 -0.000116 	 0.000000	  
0.000460	 0.000089 	 0.000000	  
-0.000502	 -0.000113 	 0.000000	  
0.000460	 0.000086 	 0.000000	  
-0.000502	 -0.000109 	 0.000000	  
0.000460	 0.000083 	 0.000000	  
-0.000502	 -0.000106 	 0.000000	  
0.000460	 0.000081 	 0.000000	  
-0.000503	 -0.000102 	 0.000000	  
0.000460	 0.000078 	 0.000000	  
-0.000503	 -0.000099 	 0.000000	  
0.000460	 0.000075 	 0.000000	  
-0.000503	 -0.000095 	 0.000000	  
0.000459	 0.000072 	 0.000000	  
-0.000503	 -0.000092 	 0.000000	  
0.000459	 0.000070 	 0.000000	  
-0.000503	 -0.000088 	 0.000000	  
0.000459	 0.000067 	 0.000000	  
-0.000503	 -0.000085 	 0.000000	  
0.000459	 0.000064 	 0.000000	  
-0.000504	 -0.000081 	 0.000000	  
0.000460	 0.000061 	 0.000000	  
-0.000504	 -0.000078 	 0.000000	  
0.000462	 0.000057 	 0.000000	  
-0.000507	 -0.000079 	 0.000000	  
0.000458	 0.000058 	 0.000000	  
-0.000505	 -0.000072 	 0.000000	  
0.000459	 0.000055 	 0.000000	  
-0.000506	 -0.000072 	 0.000000	  
0.000455	 0.000055 	 0.000000	  
-0.000502	 -0.000065 	 0.000000	  
0.000456	 0.000049 	 0.000000	  
-0.000504	 -0.000062 	 0.000000	  
0.000454	 0.000048 	 0.000000	  
-0.000501	 -0.000054 	 0.000000	  
0.000459	 0.000042 	 0.000000	  
-0.000504	 -0.000054 	 0.000000	  
0.000458	 0.000040 	 0.000000	  
-0.000504	 -0.000050 	 0.000000	  
0.000458	 0.000037 	 0.000000	  
-0.000504	 -0.000047 	 0.000000	  
0.000458	 0.000035 	 0.000000	  
-0.000504	 -0.000044 	 0.000000	  
0.000458	 0.000032 	 0.000000	  
-0.000505	 -0.000040 	 0.000000	  
0.000458	 0.000030 	 0.000000	  
-0.000505	 -0.000037 	 0.000000	  
0.000458	 0.000027 	 0.000000	  
-0.000505	 -0.000034 	 0.000000	  
0.000458	 0.000025 	 0.000000	  
-0.000505	 -0.000030 	 0.000000	  
0.000458	 0.000022 	 0.000000	  
-0.000505	 -0.000027 	 0.000000	  
0.000457	 0.000019 	 0.000000	  
-0.000505	 -0.000023 	 0.000000	  
0.000457	 0.000017 	 0.000000	  
-0.000505	 -0.000020 	 0.000000	  
0.000457	 0.000014 	 0.000000	  
-0.000505	 -0.000017 	 0.000000	  
0.000457	 0.000011 	 0.000000	  
-0.000505	 -0.000013 	 0.000000	  
0.000457	 0.000009 	 0.000000	  
-0.000505	 -0.000010 	 0.000000	  
0.000457	 0.000006 	 0.000000	  
-0.000505	 -0.000007 	 0.000000	  
0.000457	 0.000004 	 0.000000	  
-0.000505	 -0.000003 	 0.000000	  
0.000457	 0.000001 	 0.000000	  
