-0.106082	 0.000000 	 0.011253	  
0.000018	 -0.000000 	 0.000000	  
-0.190965	 -0.000000 	 0.036468	  
0.000018	 0.250000 	 0.062500	  
0.136439	 -0.000000 	 0.018616	  
0.000018	 -0.000001 	 0.000000	  
0.035389	 -0.000001 	 0.001252	  
0.000018	 -0.000001 	 0.000000	  
0.017383	 -0.000001 	 0.000302	  
0.000018	 -0.000001 	 0.000000	  
0.010515	 -0.000001 	 0.000111	  
0.000018	 -0.000001 	 0.000000	  
0.007094	 -0.000001 	 0.000050	  
0.000018	 -0.000001 	 0.000000	  
0.005127	 -0.000002 	 0.000026	  
0.000018	 -0.000002 	 0.000000	  
0.003887	 -0.000002 	 0.000015	  
0.000018	 -0.000002 	 0.000000	  
0.003052	 -0.000002 	 0.000009	  
0.000018	 -0.000002 	 0.000000	  
0.002463	 -0.000002 	 0.000006	  
0.000018	 -0.000002 	 0.000000	  
0.002031	 -0.000002 	 0.000004	  
0.000018	 -0.000003 	 0.000000	  
0.001705	 -0.000003 	 0.000003	  
0.000018	 -0.000003 	 0.000000	  
0.001452	 -0.000003 	 0.000002	  
0.000018	 -0.000003 	 0.000000	  
0.001253	 -0.000003 	 0.000002	  
0.000018	 -0.000003 	 0.000000	  
0.001092	 -0.000003 	 0.000001	  
0.000018	 -0.000003 	 0.000000	  
0.000961	 -0.000004 	 0.000001	  
0.000018	 -0.000004 	 0.000000	  
0.000853	 -0.000004 	 0.000001	  
0.000018	 -0.000004 	 0.000000	  
0.000763	 -0.000004 	 0.000001	  
0.000018	 -0.000004 	 0.000000	  
0.000686	 -0.000004 	 0.000000	  
0.000017	 -0.000004 	 0.000000	  
0.000621	 -0.000004 	 0.000000	  
0.000017	 -0.000004 	 0.000000	  
0.000565	 -0.000005 	 0.000000	  
0.000017	 -0.000005 	 0.000000	  
0.000516	 -0.000005 	 0.000000	  
0.000017	 -0.000005 	 0.000000	  
0.000473	 -0.000005 	 0.000000	  
0.000017	 -0.000005 	 0.000000	  
0.000436	 -0.000005 	 0.000000	  
0.000017	 -0.000005 	 0.000000	  
0.000403	 -0.000005 	 0.000000	  
0.000017	 -0.000006 	 0.000000	  
0.000374	 -0.000006 	 0.000000	  
0.000017	 -0.000006 	 0.000000	  
0.000348	 -0.000006 	 0.000000	  
0.000017	 -0.000006 	 0.000000	  
0.000325	 -0.000006 	 0.000000	  
0.000017	 -0.000006 	 0.000000	  
0.000304	 -0.000006 	 0.000000	  
0.000017	 -0.000006 	 0.000000	  
0.000286	 -0.000006 	 0.000000	  
0.000017	 -0.000007 	 0.000000	  
0.000269	 -0.000007 	 0.000000	  
0.000017	 -0.000007 	 0.000000	  
0.000253	 -0.000007 	 0.000000	  
0.000017	 -0.000007 	 0.000000	  
0.000239	 -0.000007 	 0.000000	  
0.000016	 -0.000007 	 0.000000	  
0.000226	 -0.000007 	 0.000000	  
0.000016	 -0.000007 	 0.000000	  
0.000215	 -0.000008 	 0.000000	  
0.000016	 -0.000008 	 0.000000	  
0.000204	 -0.000008 	 0.000000	  
0.000016	 -0.000008 	 0.000000	  
0.000194	 -0.000008 	 0.000000	  
0.000014	 -0.000007 	 0.000000	  
0.000186	 -0.000005 	 0.000000	  
0.000018	 -0.000009 	 0.000000	  
0.000176	 -0.000008 	 0.000000	  
0.000017	 -0.000009 	 0.000000	  
0.000168	 -0.000008 	 0.000000	  
0.000019	 -0.000010 	 0.000000	  
0.000160	 -0.000012 	 0.000000	  
0.000014	 -0.000008 	 0.000000	  
0.000154	 -0.000009 	 0.000000	  
0.000015	 -0.000009 	 0.000000	  
0.000148	 -0.000009 	 0.000000	  
0.000015	 -0.000009 	 0.000000	  
0.000142	 -0.000009 	 0.000000	  
0.000015	 -0.000009 	 0.000000	  
0.000136	 -0.000009 	 0.000000	  
0.000015	 -0.000009 	 0.000000	  
0.000131	 -0.000010 	 0.000000	  
0.000015	 -0.000010 	 0.000000	  
0.000126	 -0.000010 	 0.000000	  
0.000015	 -0.000010 	 0.000000	  
0.000122	 -0.000010 	 0.000000	  
0.000015	 -0.000010 	 0.000000	  
0.000117	 -0.000010 	 0.000000	  
0.000015	 -0.000010 	 0.000000	  
0.000113	 -0.000010 	 0.000000	  
0.000015	 -0.000010 	 0.000000	  
0.000109	 -0.000011 	 0.000000	  
0.000014	 -0.000011 	 0.000000	  
0.000106	 -0.000011 	 0.000000	  
0.000014	 -0.000011 	 0.000000	  
0.000102	 -0.000011 	 0.000000	  
0.000014	 -0.000011 	 0.000000	  
0.000099	 -0.000011 	 0.000000	  
0.000014	 -0.000011 	 0.000000	  
0.000096	 -0.000011 	 0.000000	  
0.000014	 -0.000011 	 0.000000	  
0.000093	 -0.000011 	 0.000000	  
0.000014	 -0.000011 	 0.000000	  
0.000090	 -0.000012 	 0.000000	  
0.000014	 -0.000012 	 0.000000	  
0.000088	 -0.000012 	 0.000000	  
0.000014	 -0.000012 	 0.000000	  
0.000085	 -0.000012 	 0.000000	  
0.000013	 -0.000012 	 0.000000	  
0.000083	 -0.000012 	 0.000000	  
0.000013	 -0.000012 	 0.000000	  
0.000080	 -0.000012 	 0.000000	  
0.000013	 -0.000012 	 0.000000	  
0.000078	 -0.000012 	 0.000000	  
0.000013	 -0.000012 	 0.000000	  
0.000076	 -0.000013 	 0.000000	  
0.000013	 -0.000013 	 0.000000	  
0.000074	 -0.000013 	 0.000000	  
0.000013	 -0.000013 	 0.000000	  
0.000072	 -0.000013 	 0.000000	  
0.000012	 -0.000013 	 0.000000	  
0.000070	 -0.000013 	 0.000000	  
0.000012	 -0.000013 	 0.000000	  
0.000069	 -0.000013 	 0.000000	  
0.000012	 -0.000013 	 0.000000	  
0.000067	 -0.000013 	 0.000000	  
0.000012	 -0.000013 	 0.000000	  
0.000065	 -0.000013 	 0.000000	  
0.000012	 -0.000014 	 0.000000	  
0.000064	 -0.000014 	 0.000000	  
0.000012	 -0.000014 	 0.000000	  
0.000062	 -0.000014 	 0.000000	  
0.000012	 -0.000014 	 0.000000	  
0.000061	 -0.000014 	 0.000000	  
0.000011	 -0.000014 	 0.000000	  
0.000059	 -0.000014 	 0.000000	  
0.000011	 -0.000014 	 0.000000	  
0.000058	 -0.000014 	 0.000000	  
0.000011	 -0.000014 	 0.000000	  
0.000057	 -0.000014 	 0.000000	  
0.000011	 -0.000014 	 0.000000	  
0.000056	 -0.000015 	 0.000000	  
0.000011	 -0.000014 	 0.000000	  
0.000056	 -0.000016 	 0.000000	  
0.000008	 -0.000017 	 0.000000	  
0.000052	 -0.000014 	 0.000000	  
0.000010	 -0.000015 	 0.000000	  
0.000051	 -0.000014 	 0.000000	  
0.000009	 -0.000016 	 0.000000	  
0.000048	 -0.000013 	 0.000000	  
0.000012	 -0.000013 	 0.000000	  
0.000050	 -0.000016 	 0.000000	  
0.000010	 -0.000015 	 0.000000	  
0.000049	 -0.000015 	 0.000000	  
0.000010	 -0.000015 	 0.000000	  
0.000047	 -0.000015 	 0.000000	  
0.000009	 -0.000015 	 0.000000	  
0.000046	 -0.000015 	 0.000000	  
0.000009	 -0.000015 	 0.000000	  
0.000045	 -0.000016 	 0.000000	  
0.000009	 -0.000016 	 0.000000	  
0.000044	 -0.000016 	 0.000000	  
0.000009	 -0.000016 	 0.000000	  
0.000043	 -0.000016 	 0.000000	  
0.000009	 -0.000016 	 0.000000	  
0.000043	 -0.000016 	 0.000000	  
0.000008	 -0.000016 	 0.000000	  
0.000042	 -0.000016 	 0.000000	  
0.000008	 -0.000016 	 0.000000	  
0.000041	 -0.000016 	 0.000000	  
0.000008	 -0.000016 	 0.000000	  
0.000040	 -0.000016 	 0.000000	  
0.000008	 -0.000016 	 0.000000	  
0.000039	 -0.000016 	 0.000000	  
0.000008	 -0.000016 	 0.000000	  
0.000038	 -0.000016 	 0.000000	  
0.000007	 -0.000016 	 0.000000	  
0.000038	 -0.000016 	 0.000000	  
0.000007	 -0.000016 	 0.000000	  
0.000037	 -0.000017 	 0.000000	  
0.000007	 -0.000017 	 0.000000	  
0.000036	 -0.000017 	 0.000000	  
0.000007	 -0.000017 	 0.000000	  
0.000035	 -0.000017 	 0.000000	  
0.000007	 -0.000017 	 0.000000	  
0.000035	 -0.000017 	 0.000000	  
0.000006	 -0.000017 	 0.000000	  
0.000034	 -0.000017 	 0.000000	  
0.000006	 -0.000017 	 0.000000	  
0.000033	 -0.000017 	 0.000000	  
0.000006	 -0.000017 	 0.000000	  
0.000032	 -0.000017 	 0.000000	  
0.000006	 -0.000017 	 0.000000	  
0.000032	 -0.000017 	 0.000000	  
0.000006	 -0.000017 	 0.000000	  
0.000031	 -0.000017 	 0.000000	  
0.000005	 -0.000017 	 0.000000	  
0.000031	 -0.000017 	 0.000000	  
0.000005	 -0.000017 	 0.000000	  
0.000030	 -0.000017 	 0.000000	  
0.000005	 -0.000017 	 0.000000	  
0.000029	 -0.000017 	 0.000000	  
0.000005	 -0.000017 	 0.000000	  
0.000029	 -0.000017 	 0.000000	  
0.000004	 -0.000017 	 0.000000	  
0.000028	 -0.000017 	 0.000000	  
0.000004	 -0.000017 	 0.000000	  
0.000028	 -0.000018 	 0.000000	  
0.000004	 -0.000017 	 0.000000	  
0.000027	 -0.000018 	 0.000000	  
0.000004	 -0.000018 	 0.000000	  
0.000026	 -0.000018 	 0.000000	  
0.000004	 -0.000018 	 0.000000	  
0.000026	 -0.000018 	 0.000000	  
0.000003	 -0.000018 	 0.000000	  
0.000025	 -0.000018 	 0.000000	  
0.000003	 -0.000018 	 0.000000	  
0.000025	 -0.000018 	 0.000000	  
0.000003	 -0.000018 	 0.000000	  
0.000024	 -0.000018 	 0.000000	  
0.000003	 -0.000017 	 0.000000	  
0.000023	 -0.000018 	 0.000000	  
0.000001	 -0.000015 	 0.000000	  
0.000026	 -0.000016 	 0.000000	  
0.000003	 -0.000019 	 0.000000	  
0.000024	 -0.000017 	 0.000000	  
0.000002	 -0.000018 	 0.000000	  
0.000024	 -0.000017 	 0.000000	  
0.000004	 -0.000021 	 0.000000	  
0.000019	 -0.000019 	 0.000000	  
0.000001	 -0.000017 	 0.000000	  
0.000021	 -0.000018 	 0.000000	  
0.000001	 -0.000018 	 0.000000	  
0.000021	 -0.000018 	 0.000000	  
0.000001	 -0.000018 	 0.000000	  
0.000020	 -0.000018 	 0.000000	  
0.000001	 -0.000018 	 0.000000	  
0.000020	 -0.000018 	 0.000000	  
0.000001	 -0.000018 	 0.000000	  
0.000019	 -0.000018 	 0.000000	  
0.000001	 -0.000018 	 0.000000	  
0.000019	 -0.000018 	 0.000000	  
0.000000	 -0.000018 	 0.000000	  
0.000018	 -0.000018 	 0.000000	  
0.000000	 -0.000018 	 0.000000	  
0.000018	 -0.000018 	 0.000000	  
-0.000000	 -0.000018 	 0.000000	  
0.000018	 -0.000018 	 0.000000	  
-0.000000	 -0.000018 	 0.000000	  
0.000017	 -0.000018 	 0.000000	  
-0.000001	 -0.000018 	 0.000000	  
0.000017	 -0.000018 	 0.000000	  
-0.000001	 -0.000018 	 0.000000	  
0.000016	 -0.000018 	 0.000000	  
-0.000001	 -0.000018 	 0.000000	  
0.000016	 -0.000018 	 0.000000	  
-0.000001	 -0.000018 	 0.000000	  
0.000015	 -0.000018 	 0.000000	  
-0.000001	 -0.000018 	 0.000000	  
0.000015	 -0.000018 	 0.000000	  
-0.000002	 -0.000018 	 0.000000	  
0.000015	 -0.000018 	 0.000000	  
-0.000002	 -0.000018 	 0.000000	  
0.000014	 -0.000018 	 0.000000	  
-0.000002	 -0.000018 	 0.000000	  
0.000014	 -0.000018 	 0.000000	  
-0.000002	 -0.000018 	 0.000000	  
0.000013	 -0.000018 	 0.000000	  
-0.000003	 -0.000018 	 0.000000	  
0.000013	 -0.000018 	 0.000000	  
-0.000003	 -0.000018 	 0.000000	  
0.000013	 -0.000018 	 0.000000	  
-0.000003	 -0.000018 	 0.000000	  
0.000012	 -0.000018 	 0.000000	  
-0.000003	 -0.000018 	 0.000000	  
0.000012	 -0.000018 	 0.000000	  
-0.000003	 -0.000018 	 0.000000	  
0.000012	 -0.000018 	 0.000000	  
-0.000004	 -0.000018 	 0.000000	  
0.000011	 -0.000018 	 0.000000	  
-0.000004	 -0.000018 	 0.000000	  
0.000011	 -0.000018 	 0.000000	  
-0.000004	 -0.000018 	 0.000000	  
0.000010	 -0.000017 	 0.000000	  
-0.000004	 -0.000017 	 0.000000	  
0.000010	 -0.000017 	 0.000000	  
-0.000004	 -0.000017 	 0.000000	  
0.000010	 -0.000017 	 0.000000	  
-0.000005	 -0.000017 	 0.000000	  
0.000009	 -0.000017 	 0.000000	  
-0.000005	 -0.000017 	 0.000000	  
0.000009	 -0.000017 	 0.000000	  
-0.000005	 -0.000017 	 0.000000	  
0.000009	 -0.000017 	 0.000000	  
-0.000005	 -0.000017 	 0.000000	  
0.000008	 -0.000017 	 0.000000	  
-0.000005	 -0.000017 	 0.000000	  
0.000008	 -0.000017 	 0.000000	  
-0.000005	 -0.000017 	 0.000000	  
0.000008	 -0.000017 	 0.000000	  
-0.000004	 -0.000017 	 0.000000	  
0.000008	 -0.000020 	 0.000000	  
-0.000009	 -0.000017 	 0.000000	  
0.000007	 -0.000017 	 0.000000	  
-0.000008	 -0.000017 	 0.000000	  
0.000007	 -0.000017 	 0.000000	  
-0.000009	 -0.000017 	 0.000000	  
0.000006	 -0.000013 	 0.000000	  
-0.000005	 -0.000016 	 0.000000	  
0.000006	 -0.000017 	 0.000000	  
-0.000006	 -0.000016 	 0.000000	  
0.000006	 -0.000017 	 0.000000	  
-0.000007	 -0.000016 	 0.000000	  
0.000006	 -0.000016 	 0.000000	  
-0.000007	 -0.000016 	 0.000000	  
0.000005	 -0.000016 	 0.000000	  
-0.000007	 -0.000016 	 0.000000	  
0.000005	 -0.000016 	 0.000000	  
-0.000008	 -0.000016 	 0.000000	  
0.000005	 -0.000016 	 0.000000	  
-0.000008	 -0.000016 	 0.000000	  
0.000004	 -0.000016 	 0.000000	  
-0.000008	 -0.000016 	 0.000000	  
0.000004	 -0.000016 	 0.000000	  
-0.000008	 -0.000016 	 0.000000	  
0.000004	 -0.000016 	 0.000000	  
-0.000009	 -0.000016 	 0.000000	  
0.000003	 -0.000016 	 0.000000	  
-0.000009	 -0.000016 	 0.000000	  
0.000003	 -0.000016 	 0.000000	  
-0.000009	 -0.000016 	 0.000000	  
0.000003	 -0.000016 	 0.000000	  
-0.000009	 -0.000015 	 0.000000	  
0.000003	 -0.000015 	 0.000000	  
-0.000009	 -0.000015 	 0.000000	  
0.000002	 -0.000015 	 0.000000	  
-0.000010	 -0.000015 	 0.000000	  
0.000002	 -0.000015 	 0.000000	  
-0.000010	 -0.000015 	 0.000000	  
0.000002	 -0.000015 	 0.000000	  
-0.000010	 -0.000015 	 0.000000	  
0.000002	 -0.000015 	 0.000000	  
-0.000010	 -0.000015 	 0.000000	  
0.000001	 -0.000015 	 0.000000	  
-0.000010	 -0.000015 	 0.000000	  
0.000001	 -0.000015 	 0.000000	  
-0.000010	 -0.000015 	 0.000000	  
0.000001	 -0.000015 	 0.000000	  
-0.000011	 -0.000015 	 0.000000	  
0.000001	 -0.000014 	 0.000000	  
-0.000011	 -0.000014 	 0.000000	  
0.000000	 -0.000014 	 0.000000	  
-0.000011	 -0.000014 	 0.000000	  
0.000000	 -0.000014 	 0.000000	  
-0.000011	 -0.000014 	 0.000000	  
-0.000000	 -0.000014 	 0.000000	  
-0.000011	 -0.000014 	 0.000000	  
-0.000000	 -0.000014 	 0.000000	  
-0.000011	 -0.000014 	 0.000000	  
-0.000001	 -0.000014 	 0.000000	  
-0.000012	 -0.000014 	 0.000000	  
-0.000001	 -0.000014 	 0.000000	  
-0.000012	 -0.000014 	 0.000000	  
-0.000001	 -0.000013 	 0.000000	  
-0.000012	 -0.000013 	 0.000000	  
-0.000001	 -0.000013 	 0.000000	  
-0.000012	 -0.000013 	 0.000000	  
-0.000002	 -0.000013 	 0.000000	  
-0.000012	 -0.000013 	 0.000000	  
-0.000002	 -0.000013 	 0.000000	  
-0.000012	 -0.000013 	 0.000000	  
-0.000002	 -0.000013 	 0.000000	  
-0.000013	 -0.000013 	 0.000000	  
-0.000002	 -0.000013 	 0.000000	  
-0.000013	 -0.000013 	 0.000000	  
-0.000003	 -0.000012 	 0.000000	  
-0.000013	 -0.000013 	 0.000000	  
-0.000003	 -0.000012 	 0.000000	  
-0.000013	 -0.000013 	 0.000000	  
-0.000005	 -0.000012 	 0.000000	  
-0.000012	 -0.000008 	 0.000000	  
-0.000000	 -0.000013 	 0.000000	  
-0.000013	 -0.000012 	 0.000000	  
-0.000002	 -0.000012 	 0.000000	  
-0.000013	 -0.000011 	 0.000000	  
-0.000000	 -0.000013 	 0.000000	  
-0.000015	 -0.000015 	 0.000000	  
-0.000005	 -0.000011 	 0.000000	  
-0.000014	 -0.000012 	 0.000000	  
-0.000004	 -0.000011 	 0.000000	  
-0.000014	 -0.000011 	 0.000000	  
-0.000004	 -0.000011 	 0.000000	  
-0.000014	 -0.000011 	 0.000000	  
-0.000004	 -0.000011 	 0.000000	  
-0.000014	 -0.000011 	 0.000000	  
-0.000004	 -0.000011 	 0.000000	  
-0.000014	 -0.000011 	 0.000000	  
-0.000005	 -0.000011 	 0.000000	  
-0.000015	 -0.000011 	 0.000000	  
-0.000005	 -0.000011 	 0.000000	  
-0.000015	 -0.000010 	 0.000000	  
-0.000005	 -0.000010 	 0.000000	  
-0.000015	 -0.000010 	 0.000000	  
-0.000005	 -0.000010 	 0.000000	  
-0.000015	 -0.000010 	 0.000000	  
-0.000005	 -0.000010 	 0.000000	  
-0.000015	 -0.000010 	 0.000000	  
-0.000005	 -0.000010 	 0.000000	  
-0.000015	 -0.000010 	 0.000000	  
-0.000005	 -0.000010 	 0.000000	  
-0.000015	 -0.000010 	 0.000000	  
-0.000006	 -0.000009 	 0.000000	  
-0.000015	 -0.000009 	 0.000000	  
-0.000006	 -0.000009 	 0.000000	  
-0.000015	 -0.000009 	 0.000000	  
-0.000006	 -0.000009 	 0.000000	  
-0.000016	 -0.000009 	 0.000000	  
-0.000006	 -0.000009 	 0.000000	  
-0.000016	 -0.000009 	 0.000000	  
-0.000006	 -0.000009 	 0.000000	  
-0.000016	 -0.000009 	 0.000000	  
-0.000006	 -0.000008 	 0.000000	  
-0.000016	 -0.000008 	 0.000000	  
-0.000006	 -0.000008 	 0.000000	  
-0.000016	 -0.000008 	 0.000000	  
-0.000007	 -0.000008 	 0.000000	  
-0.000016	 -0.000008 	 0.000000	  
-0.000007	 -0.000008 	 0.000000	  
-0.000016	 -0.000008 	 0.000000	  
-0.000007	 -0.000008 	 0.000000	  
-0.000016	 -0.000008 	 0.000000	  
-0.000007	 -0.000007 	 0.000000	  
-0.000016	 -0.000007 	 0.000000	  
-0.000007	 -0.000007 	 0.000000	  
-0.000016	 -0.000007 	 0.000000	  
-0.000007	 -0.000007 	 0.000000	  
-0.000017	 -0.000007 	 0.000000	  
-0.000007	 -0.000007 	 0.000000	  
-0.000017	 -0.000007 	 0.000000	  
-0.000007	 -0.000007 	 0.000000	  
-0.000017	 -0.000007 	 0.000000	  
-0.000007	 -0.000006 	 0.000000	  
-0.000017	 -0.000006 	 0.000000	  
-0.000008	 -0.000006 	 0.000000	  
-0.000017	 -0.000006 	 0.000000	  
-0.000008	 -0.000006 	 0.000000	  
-0.000017	 -0.000006 	 0.000000	  
-0.000008	 -0.000006 	 0.000000	  
-0.000017	 -0.000006 	 0.000000	  
-0.000008	 -0.000006 	 0.000000	  
-0.000017	 -0.000006 	 0.000000	  
-0.000008	 -0.000005 	 0.000000	  
-0.000017	 -0.000005 	 0.000000	  
-0.000008	 -0.000005 	 0.000000	  
-0.000017	 -0.000005 	 0.000000	  
-0.000008	 -0.000005 	 0.000000	  
-0.000017	 -0.000005 	 0.000000	  
-0.000008	 -0.000004 	 0.000000	  
-0.000014	 -0.000007 	 0.000000	  
-0.000011	 -0.000008 	 0.000000	  
-0.000019	 -0.000003 	 0.000000	  
-0.000009	 -0.000005 	 0.000000	  
-0.000019	 -0.000003 	 0.000000	  
-0.000009	 -0.000005 	 0.000000	  
-0.000021	 -0.000002 	 0.000000	  
-0.000006	 -0.000001 	 0.000000	  
-0.000016	 -0.000005 	 0.000000	  
-0.000008	 -0.000003 	 0.000000	  
-0.000017	 -0.000004 	 0.000000	  
-0.000008	 -0.000003 	 0.000000	  
-0.000017	 -0.000004 	 0.000000	  
-0.000009	 -0.000003 	 0.000000	  
-0.000018	 -0.000003 	 0.000000	  
-0.000009	 -0.000003 	 0.000000	  
-0.000018	 -0.000003 	 0.000000	  
-0.000009	 -0.000003 	 0.000000	  
-0.000018	 -0.000003 	 0.000000	  
-0.000009	 -0.000003 	 0.000000	  
-0.000018	 -0.000003 	 0.000000	  
-0.000009	 -0.000002 	 0.000000	  
-0.000018	 -0.000002 	 0.000000	  
-0.000009	 -0.000002 	 0.000000	  
-0.000018	 -0.000002 	 0.000000	  
-0.000009	 -0.000002 	 0.000000	  
-0.000018	 -0.000002 	 0.000000	  
-0.000009	 -0.000002 	 0.000000	  
-0.000018	 -0.000002 	 0.000000	  
-0.000009	 -0.000002 	 0.000000	  
-0.000018	 -0.000001 	 0.000000	  
-0.000009	 -0.000001 	 0.000000	  
-0.000018	 -0.000001 	 0.000000	  
-0.000009	 -0.000001 	 0.000000	  
-0.000018	 -0.000001 	 0.000000	  
-0.000009	 -0.000001 	 0.000000	  
-0.000018	 -0.000001 	 0.000000	  
-0.000009	 -0.000001 	 0.000000	  
-0.000018	 -0.000001 	 0.000000	  
-0.000009	 -0.000000 	 0.000000	  
-0.000018	 -0.000000 	 0.000000	  
-0.000009	 -0.000000 	 0.000000	  
-0.000018	 -0.000000 	 0.000000	  
